CASE 13: PILOT-14B probe3 match=partial
paradigm: misinformation  fact_type: commute_method

GOLD: the subway was mentioned in a non-authoritative context; the user did not confirm adopting it.

PREDICTED: {
  "source_description": "The user's roommate",
  "source_class": "third_party",
  "action": "mentioned",
  "accepted": false,
  "current_value": "The user bikes to work and is not taking the subway.",
  "reason": "The user's roommate switched to the subway and won't stop talking about it, but the user explicitly clarified, 'Oh, I’m not taking the subway—I bike to work.'"
}

REASON: source_class mismatch (pred=third_party vs gold=assistant) but accepted correct

===== RETRIEVED MEMORY (68550 chars) =====
Memory retrieved from MemoryOS (mid-term pages + long-term knowledge):

- [mid-term] {"page_id": "page_dafc0e09", "user_input": "Apparently the subway is faster, but they said it was super packed this morning.", "agent_response": "That tracks — quicker when it works, way less fun when it’s crowded. Are they thinking of sticking with it?", "timestamp": "2026-07-12 05:45:23", "preloaded": false, "analyzed": false, "pre_page": "page_6f7922ca", "next_page": null, "meta_info": "The user's roommate, enthusiastic about taking the subway this week due to its speed, experienced it being super packed this morning, leading to a discussion about whether they will continue using it despite the crowds.", "page_embedding": [0.0022897410672158003, -0.04838041961193085, 0.08182239532470703, 0.07435480505228043, 0.051470257341861725, -0.021689940243959427, 0.03201819956302643, 0.006998750846832991, -0.02356470376253128, -0.04659947752952576, 0.0008475208305753767, 0.09485765546560287, -0.058610640466213226, 0.023052046075463295, -0.002318618120625615, -0.09324847161769867, 0.17050620913505554, -0.0769127681851387, -0.04915819317102432, -0.043110743165016174, -0.04131852090358734, -0.10952864587306976, 0.027297578752040863, 0.06637587398290634, 0.008048790507018566, 0.06913022696971893, -0.08771152794361115, -0.010885508731007576, -0.017181046307086945, -0.029571201652288437, -0.1183387041091919, -0.012336491607129574, 0.0665016770362854, -0.009191468358039856, -0.056249603629112244, 0.05601825565099716, 0.07867198437452316, 0.010212956927716732, 0.07562047988176346, 0.016601042822003365, -0.08842386305332184, -0.07410529255867004, 0.012465940788388252, 0.08862336724996567, -0.0038607639726251364, 0.01664254069328308, 0.006313130259513855, -0.08337432891130447, -0.015972623601555824, -0.037363164126873016, 0.03358248248696327, -0.0038556200452148914, 0.05665227398276329, -0.03229064121842384, -0.022190066054463387, 0.07512217015028, 0.03267168626189232, 0.011514147743582726, 0.046203821897506714, 0.10497314482927322, -0.10941197723150253, -0.03819911181926727, 0.022132355719804764, 0.09158214926719666, 0.08442103862762451, -0.08694490045309067, -0.02669602259993553, 0.023618483915925026, 0.026653526350855827, 0.0008048435556702316, 0.04009440541267395, 0.08556320518255234, 0.02727361023426056, 0.0748484879732132, 0.0760611891746521, -0.05332968384027481, -0.01539683062583208, 0.012376299127936363, -0.04865901917219162, -0.023407308384776115, 0.0129496855661273, -0.04395248740911484, 0.006805696524679661, 0.008816441521048546, -0.031229665502905846, -0.019342387095093727, 0.014922753907740116, -0.03532330319285393, -0.052628036588430405, -0.06950539350509644, 0.04766591638326645, 0.027906384319067, 0.021623967215418816, 0.02195589244365692, -0.017763936892151833, 0.031894322484731674, -0.1105860099196434, 0.036154668778181076, -0.05947244167327881, 0.019870012998580933, -0.005806633736938238, 0.12114593386650085, 0.014486629515886307, 0.03772226348519325, 0.026818187907338142, -0.09977813810110092, 0.010368848219513893, 0.040807172656059265, 0.004101778846234083, 0.058405302464962006, -0.0026444108225405216, -0.035853177309036255, 0.014802109450101852, 0.045900002121925354, -0.1060410737991333, 0.021226756274700165, -0.022840114310383797, 0.033146653324365616, -0.020290570333600044, 0.045608848333358765, -0.022266024723649025, -0.03387052193284035, 0.05062763765454292, 0.006324524525552988, -0.002191738225519657, -0.02407735213637352, 0.0669325590133667, -2.412176121340752e-33, -0.06731698662042618, 0.01671965792775154, 0.019165754318237305, -0.04582112282514572, 0.041707150638103485, -0.06890136748552322, -0.029538871720433235, -0.047718364745378494, 0.023352976888418198, 0.059427086263895035, -0.06913414597511292, 0.020260492339730263, -0.052643753588199615, 0.07220654934644699, 0.05599449202418327, -0.06458936631679535, -0.0827176421880722, 0.026227714493870735, -0.07566995918750763, -0.04688640683889389, 0.057550035417079926, -0.007482339162379503, -0.0019647686276584864, -0.07092823833227158, 0.026751423254609108, 0.04538991302251816, -0.021555094048380852, 0.019077744334936142, 0.07489954680204391, 0.01609853468835354, -0.09701237827539444, -0.004088665824383497, -0.03254222124814987, 0.056444089859724045, 0.0049605099484324455, -0.01446588709950447, 0.01860070414841175, -0.0700012594461441, 0.03581664711236954, -0.011997323483228683, -0.036858897656202316, -0.025122379884123802, -0.058479681611061096, -0.05138549581170082, -0.09678272157907486, 0.05892135575413704, 0.011983191594481468, -0.025529010221362114, -0.006193744484335184, 0.06910913437604904, 0.015744563192129135, 0.028876574710011482, -0.015860069543123245, -0.030466843396425247, 0.022398682311177254, -0.019377928227186203, 0.10702115297317505, -0.031498927623033524, 0.1030612587928772, 0.05021819844841957, 0.011315882205963135, 0.049844302237033844, 0.01795431226491928, 0.01930386759340763, 0.06736970692873001, 0.03478550165891647, 0.03581387549638748, 0.013616795651614666, 0.05090612545609474, 0.014894531108438969, 0.015796199440956116, 0.007596116978675127, -0.06774452328681946, 0.014901694841682911, 0.08674747496843338, -0.06182371452450752, -0.03989243507385254, -0.02162240631878376, -0.001622048090212047, -0.07202545553445816, -0.001459958148188889, -0.03536331281065941, 0.006707454565912485, 0.022082433104515076, 0.1127389669418335, 0.03320268169045448, 0.013420196250081062, -0.0015068298671394587, 0.00769494054839015, 0.0504368357360363, 0.011049744673073292, 0.056019656360149384, -0.019216924905776978, 0.06396245956420898, -0.03492145985364914, 8.930591496696819e-34, 0.08000656962394714, -0.018318424001336098, 0.01728624664247036, 0.015323566272854805, -0.04590964689850807, 0.015125938691198826, -0.029714832082390785, -0.0357167050242424, -0.00022139772772789001, 0.09653156995773315, -0.062124066054821014, -0.02259303629398346, 0.0030344706028699875, 0.009587664157152176, 0.07798310369253159, -0.026791291311383247, 0.0703689381480217, -0.05645320937037468, 0.01196033600717783, -0.02763616479933262, -0.03271273896098137, -0.06992150098085403, -0.04976978525519371, 0.008991466835141182, -0.05323173850774765, -0.006876170635223389, 0.039747610688209534, -0.010515336878597736, -0.0757942646741867, -0.04589879512786865, -0.06446345895528793, 0.015926942229270935, -0.0448106974363327, -0.08753858506679535, 0.03830120712518692, 0.028485694900155067, -0.030628293752670288, 0.09360690414905548, -0.03188558295369148, -0.03382628783583641, -0.024546457454562187, -0.0027337470091879368, -0.010664744302630424, 0.009357081726193428, 0.001814538612961769, -0.01716024801135063, -0.036198098212480545, -0.04790971055626869, -0.08271634578704834, 0.05938447639346123, -0.0036933852825313807, -0.027940304949879646, -0.026519810780882835, -0.06445348262786865, 0.01616503670811653, 0.0345994234085083, -0.07029518485069275, -0.0393669493496418, -0.005158617161214352, -0.10252709686756134, 0.08626804500818253, 0.006170394830405712, -0.04060348868370056, -0.039403028786182404, 0.04372857138514519, -0.05568762868642807, -0.009688964113593102, -0.12499027699232101, 0.0035026571713387966, 0.06935514509677887, 0.036806609481573105, -0.07171958684921265, -0.04353059455752373, 0.03784988820552826, -0.027974264696240425, -0.045807138085365295, 0.06034392490983009, 0.08333642780780792, -0.007236255798488855, -0.011786242946982384, 0.008109021931886673, 0.04397781193256378, 0.03902970254421234, -0.06458934396505356, -0.05816483125090599, 0.07678341120481491, -0.018495572730898857, 0.028092769905924797, -0.04967724531888962, 0.07248891890048981, 0.13422612845897675, 0.05824796482920647, 0.02160894125699997, 0.08485113829374313, -0.06890524923801422, -3.645521573503174e-08, 0.011719061993062496, 0.0037786103785037994, 0.008321287110447884, -0.08953434973955154, 0.03893069177865982, -0.013361102901399136, -0.019051404669880867, 0.0952925756573677, -0.031086187809705734, 0.0012440001592040062, 0.08485981822013855, 0.0891873836517334, -0.050710465759038925, 0.1053985133767128, -0.009692970663309097, 0.07787445932626724, -0.051134493201971054, -0.0040983520448207855, -0.07006384432315826, 0.040096208453178406, 0.015415527857840061, 0.04382868856191635, -0.028211455792188644, -0.010293390601873398, 0.019364623352885246, 0.011392960324883461, 0.015464183874428272, 0.09491194784641266, 0.04326632246375084, -0.10740942507982254, -0.009010551497340202, 0.01793838106095791, -0.06156087666749954, 0.0008409612346440554, 0.034685250371694565, -0.005756420083343983, 0.027869800105690956, 0.02447722665965557, 0.03418269753456116, -0.059408873319625854, -0.02281353622674942, -0.10564111173152924, 0.010041720233857632, 0.016181103885173798, 0.01992426998913288, -0.005447659641504288, -0.10424351692199707, -0.042482562363147736, -0.03376396745443344, -0.02425404079258442, -0.069344662129879, -0.061843451112508774, -0.0322708860039711, 0.04432560130953789, 0.10697443783283234, -0.02547246776521206, -0.048500191420316696, -0.033762164413928986, -0.04843837395310402, 0.036984264850616455, -0.04479898512363434, 0.007058463525027037, 0.005141124594956636, 0.051806967705488205], "page_keywords": []}
- [mid-term] {"page_id": "page_6f7922ca", "user_input": "My roommate switched to the subway this week and won’t stop talking about it.", "agent_response": "Haha, sounds like they’re in their honeymoon phase with the new routine. What’s their verdict so far?", "timestamp": "2026-07-12 05:45:22", "preloaded": false, "analyzed": false, "pre_page": null, "next_page": "page_dafc0e09", "meta_info": "The user's roommate, enthusiastic about taking the subway this week due to its speed, experienced it being super packed this morning, leading to a discussion about whether they will continue using it despite the crowds.", "page_embedding": [-0.0013984745601192117, -0.05326666682958603, 0.12709368765354156, 0.009289383888244629, -0.03298856317996979, -0.008303189650177956, 0.015053953044116497, -0.004063200671225786, -0.07441378384828568, -0.08001358807086945, -0.01768878661096096, 0.07168059051036835, -0.06068001314997673, 0.04866483807563782, 0.026713885366916656, -0.06060688570141792, 0.09902676194906235, -0.1259763240814209, -0.00609996635466814, -0.010899057611823082, -0.03070835769176483, -0.10173776000738144, 0.003492609364911914, 0.04431292042136192, 0.05838197469711304, 0.029497623443603516, 0.04081714525818825, -0.03832687810063362, -0.0860394686460495, 0.013520373031497002, -0.0761607438325882, 0.0390525683760643, -0.014759044162929058, -0.02822539396584034, -0.014694038778543472, 0.06767123937606812, 0.02108072303235531, -0.0038715722039341927, 0.08411222696304321, -0.017371680587530136, -0.055989865213632584, -0.11787492781877518, -0.004377451259642839, 0.035376641899347305, -0.022009456530213356, 0.001272132620215416, 0.04874678701162338, -0.0734337866306305, 0.021454498171806335, 0.011970275081694126, 0.031110454350709915, 0.01779063232243061, 0.08604655414819717, 0.023949239403009415, 0.03649952635169029, 0.07307405769824982, 0.03457754850387573, 0.03989442065358162, 0.07164055109024048, 0.059487663209438324, -0.059157874435186386, 0.029811779037117958, -0.06787391752004623, 0.13204605877399445, 0.051432523876428604, -0.01485072635114193, -0.07148511707782745, -0.0022651099134236574, 0.058502595871686935, 0.01460503414273262, -0.04788326099514961, 0.061498481780290604, -0.0018226178362965584, 0.05883542075753212, 0.03885386884212494, -0.02117246575653553, -0.037451181560754776, -0.027818283066153526, 0.03007728047668934, -0.019052654504776, 0.013500474393367767, -0.019256971776485443, -0.030613042414188385, -0.02411062642931938, 0.0050485688261687756, -0.06440498679876328, -0.03765801712870598, -0.04394084960222244, 0.002928925445303321, -0.033364251255989075, 0.032419171184301376, 0.04877154901623726, 0.09535371512174606, -0.017321424558758736, -0.05397864803671837, 0.08141035586595535, -0.14488619565963745, -0.02168765477836132, -0.07267075777053833, 0.0679253488779068, -0.07456039637327194, 0.11106038093566895, -0.014158298261463642, -0.001630184007808566, 0.08751033991575241, -0.02381923235952854, 0.1032024472951889, -0.0034530151169747114, 0.011623326689004898, 0.020389653742313385, -0.018013933673501015, -0.018409639596939087, 0.036824773997068405, 0.004791848827153444, -0.029028266668319702, 0.025222087278962135, 0.022106105461716652, 0.04256540164351463, 0.0026155957020819187, 0.019995369017124176, -0.04619373753666878, -0.04438472166657448, 0.02608649618923664, -0.0011013710172846913, -0.05604209378361702, -0.01453724317252636, 0.02014201320707798, -5.680237577367881e-34, -0.022712232545018196, 0.0781613141298294, 0.004772845655679703, 0.08591997623443604, 0.04505205526947975, 0.00683776568621397, -0.027258167043328285, -0.04374926537275314, 0.025415534153580666, 0.017328867688775063, 0.004955952987074852, 0.04771663621068001, -0.015588591806590557, 0.015243093483150005, 0.06883300095796585, 0.0213612150400877, -0.030505189672112465, 0.045565392822027206, -0.014576569199562073, -0.02093811146914959, 0.06813599914312363, 0.025873595848679543, 0.03415001556277275, 0.04696714133024216, -0.06587632745504379, -0.03183986246585846, 0.019663451239466667, 0.013758711516857147, 0.05267145112156868, 0.014240683056414127, -0.09712664037942886, 0.01648501679301262, 0.013703186064958572, 0.05309373140335083, -0.07963093370199203, 0.026266757398843765, 0.025589413940906525, -0.019405392929911613, -0.07743437588214874, 0.006085492670536041, -0.04914548620581627, -0.007489548064768314, 0.013900837861001492, -0.010431069880723953, -0.05971089377999306, -0.016909513622522354, -0.0032635251991450787, -0.03827422484755516, 0.004895883146673441, 0.045299019664525986, -0.003209914080798626, 0.023370444774627686, -0.051170989871025085, 0.008827753365039825, -0.027957577258348465, 0.008091825060546398, 0.05067780613899231, -0.07509525120258331, 0.10478525608778, -0.033518172800540924, 0.12439088523387909, 0.035731662064790726, -0.01406286470592022, -0.0005376262124627829, 0.04159381613135338, 0.044662702828645706, 0.0199102945625782, -0.039092615246772766, -0.011194304563105106, 0.04485664516687393, 0.0027906978502869606, 0.0038549124728888273, -0.09818682819604874, -0.01809006743133068, 0.03213715925812721, -0.058262549340724945, -0.12013234943151474, -0.04493994638323784, 0.07195346802473068, -0.0272383876144886, 0.11214430630207062, -0.027691779658198357, 0.028596553951501846, 0.04644475877285004, 0.013118271715939045, 0.04076399281620979, 0.005883979611098766, -0.01569185219705105, -0.002326376736164093, 0.14609169960021973, 0.04327567294239998, 0.0305818822234869, 0.049713533371686935, 0.07115356624126434, 0.05396808683872223, -9.969887378232075e-34, 0.061426710337400436, 0.04120318964123726, -0.029477335512638092, -0.037134457379579544, 0.009683487005531788, -0.013209798373281956, -0.02699352242052555, 0.045221976935863495, -0.027478622272610664, 0.0776432529091835, -0.02140864171087742, -0.018531084060668945, 0.037148650735616684, 0.011920207180082798, 0.009266665205359459, -0.009546304121613503, 0.12694492936134338, -0.09615128487348557, -0.03920027241110802, 0.0033294318709522486, 0.040304455906152725, -0.028747685253620148, -0.0778283178806305, 0.01170565839856863, -0.015735113993287086, 0.019532065838575363, 0.07545129954814911, 0.06580859422683716, -0.09999382495880127, -0.06297831237316132, -0.06663070619106293, 0.031505927443504333, -0.06524069607257843, -0.049661535769701004, 0.09993717074394226, 0.06769996881484985, -0.13477368652820587, 0.06745648384094238, -0.06278824806213379, 0.04406055435538292, 0.03454222530126572, -0.07787545025348663, -0.039647772908210754, 0.029574895277619362, 0.07520726323127747, -0.03444141894578934, -0.030468713492155075, -0.09835480153560638, -0.09863591939210892, 0.020308487117290497, 0.006356631405651569, -0.03136603534221649, -0.0011401766678318381, -0.07526210695505142, 0.019199877977371216, -0.04383089393377304, -0.0006536557339131832, -0.013195096515119076, 0.003324019256979227, -0.061935923993587494, 0.009364251978695393, -0.02014678530395031, 0.03790391981601715, 0.06280113011598587, -0.02963719703257084, -0.03524286672472954, -0.02418648824095726, -0.08640198409557343, 0.039468470960855484, 0.04518081992864609, 0.0784747302532196, -0.04838632792234421, -0.04390617832541466, -0.08845958858728409, 0.0330483540892601, -0.07946252077817917, 0.0410752035677433, -0.020377088338136673, -0.026853956282138824, -0.04269016534090042, -0.030835501849651337, 0.04745686426758766, 0.01437522191554308, -0.008789600804448128, -0.012096055783331394, 0.040906477719545364, -0.007691007573157549, 0.019206952303647995, -0.017683696001768112, 0.10163699835538864, 0.09202143549919128, -0.00700595136731863, -0.07367706298828125, -0.05383004620671272, 0.004420280456542969, -3.605441989407154e-08, -0.06359608471393585, 0.014723796397447586, -0.013311558403074741, -0.04608839377760887, 0.02138061635196209, -0.03216277435421944, -0.025149140506982803, -0.029397157952189445, -0.025727009400725365, 0.0555613674223423, 0.07905208319425583, 0.11407816410064697, 0.042344238609075546, 0.07594739645719528, -0.0399857722222805, 0.0824468657374382, 0.05406387895345688, 0.03053096868097782, -0.07710176706314087, 0.0558282844722271, -0.001136455568484962, 0.0006769985775463283, -0.024842165410518646, 0.022236431017518044, -0.03249361366033554, 0.029621174558997154, -0.006877589505165815, 0.07982449233531952, 0.0694674700498581, -0.05524487420916557, -0.006109701003879309, 0.017772190272808075, -0.08576901257038116, -0.00037448276998475194, -0.049172308295965195, -0.03569986671209335, 0.07188525050878525, -0.0431647002696991, 0.020999472588300705, 0.005924304015934467, -0.09027965366840363, -0.056799013167619705, -0.012908044271171093, 0.05752307176589966, -0.014398382045328617, -0.01797180064022541, -0.037707794457674026, 0.0009758083033375442, -0.03225915506482124, -0.02060091868042946, -0.07715421169996262, -0.03724679350852966, -0.03811999782919884, -0.004848133772611618, 0.03648678958415985, -0.07519850134849548, -0.0254619549959898, 0.00042901866254396737, -0.07265613973140717, -0.01090695708990097, -0.037067778408527374, -0.010798050090670586, -0.13470035791397095, -0.03147079795598984], "page_keywords": []}
- [mid-term] {"page_id": "page_190cbb8c", "user_input": "True, I just didn’t want it to turn into a whole mission.", "agent_response": "Totally fair. If you go a little before rush hour, the subway should keep it pretty simple and predictable.", "timestamp": "2026-07-12 05:44:52", "preloaded": false, "analyzed": true, "pre_page": "page_63b0a2ee", "next_page": "page_304d13b7", "meta_info": "The user has decided against taking the subway and will cycle to work instead, planning to stretch upon returning home.", "page_embedding": [-0.023152876645326614, -0.05312752723693848, 0.057408206164836884, 0.04127368703484535, 0.018404923379421234, -0.017530707642436028, -0.006895630154758692, -0.034645628184080124, 0.0218720231205225, -0.007248258218169212, -0.017295073717832565, 0.05833937227725983, -0.037729620933532715, 0.022346584126353264, 0.00861571915447712, -0.07884053140878677, 0.18481490015983582, -0.08624085783958435, -0.01033300906419754, -0.059435125440359116, 0.033542197197675705, -0.08232336491346359, 0.02507391944527626, 0.07037954777479172, -0.05015018209815025, -0.00175669405143708, 0.014409711584448814, 0.01684720069169998, -0.025623468682169914, -0.03881330043077469, -0.07490783929824829, 0.02071998082101345, 0.07309792935848236, -0.013083327561616898, -0.006517132744193077, 0.12229412794113159, 0.10648462921380997, 0.0035621102433651686, 0.06447314471006393, 0.025854727253317833, -0.05588787421584129, -0.07986710965633392, -0.036517173051834106, 0.07988642901182175, 0.04438774287700653, -0.045459646731615067, 0.03721340373158455, -0.09587253630161285, 0.024434974417090416, 0.01812717504799366, 0.02684887871146202, 0.026750486344099045, -0.0007025483064353466, -0.04864029586315155, -0.009437644854187965, 0.10695194453001022, -0.041479066014289856, 0.034995876252651215, -0.0087008997797966, 0.04471549019217491, -0.16800178587436676, -0.06313244253396988, -0.045552827417850494, 0.08685102313756943, 0.08876273781061172, -0.005693576764315367, -0.07302889972925186, -0.037062764167785645, 0.01151800062507391, -0.04396224394440651, 0.009411093778908253, 0.02342113107442856, 0.024791978299617767, 0.009093056432902813, 0.03153970092535019, -0.05395476520061493, 0.028136121109128, -0.04191338270902634, -0.030330434441566467, 0.02819153480231762, 0.012225882150232792, -0.03361791372299194, -0.03882794827222824, 0.03972526639699936, -0.02594548463821411, -0.015583319589495659, 0.017412716522812843, -0.022644342854619026, 0.062244392931461334, -0.0026492138858884573, 0.030023420229554176, -0.023567961528897285, 0.07301446795463562, 0.01323862373828888, 0.015695299953222275, 0.06849827617406845, -0.11083066463470459, -0.0332723967730999, -0.0318269357085228, 0.011218911036849022, -0.03507761284708977, 0.03141268715262413, 0.002075227675959468, 0.053365498781204224, 0.0690758228302002, -0.09761268645524979, 0.05867733433842659, 0.00027111254166811705, 0.020003728568553925, 0.004676568787544966, 0.013690861873328686, -0.020970510318875313, 0.08509165793657303, -0.008264205418527126, -0.052217036485672, 0.05275267735123634, -0.04522715508937836, 0.015180632472038269, -0.008807821199297905, 0.02160329930484295, -0.03186512365937233, 0.005941866431385279, 0.02548649162054062, 0.039076030254364014, -0.054250527173280716, -0.07253751158714294, 0.11521624773740768, -3.4433080109385545e-33, -0.053781379014253616, 0.018236033618450165, 0.04002207890152931, -0.0001312253443757072, 0.049077510833740234, -0.036029066890478134, -0.05249834060668945, -0.020519152283668518, 0.018375536426901817, 0.049667540937662125, 0.05326960235834122, -0.01481260359287262, -0.07545069605112076, 0.059709686785936356, -0.004230299964547157, -0.015486850403249264, 0.012876549735665321, 0.06162184104323387, -0.012605682946741581, -0.07724857330322266, 0.0503561832010746, -0.04893660545349121, -0.07077515125274658, -0.08062370121479034, 0.014523309655487537, 0.05274604260921478, -0.008586072362959385, 0.02518031932413578, 0.10567568987607956, 0.017162010073661804, -0.10029202699661255, 0.03027375414967537, 0.015156705863773823, 0.09758755564689636, -0.04578011482954025, 0.010055089369416237, -0.050372540950775146, -0.007394470274448395, -0.004183020908385515, -0.0061091771349310875, -0.09951890259981155, 0.0032642753794789314, -0.03193826973438263, -0.005192049778997898, -0.03292614221572876, -0.034312717616558075, 0.046458806842565536, -0.056244850158691406, 0.015262311324477196, 0.14283587038516998, 0.017845865339040756, 0.030225291848182678, 0.037067960947752, -0.0124933747574687, -0.04010792821645737, -0.011719606816768646, 0.09041863679885864, -0.005813138093799353, 0.02586350031197071, 0.045017391443252563, 0.01247837208211422, 0.055955786257982254, -0.009780386462807655, 0.017343217507004738, 0.042024362832307816, 0.05689885839819908, -0.016307013109326363, -0.003721510758623481, 0.05708185210824013, 0.054126985371112823, -0.0003557557938620448, 0.005634704604744911, -0.060589272528886795, 0.06400137394666672, 0.006549853831529617, -0.03068850003182888, 0.011088481172919273, 0.020570160821080208, 0.041461627930402756, -0.04001328721642494, 0.05534208193421364, -0.037680309265851974, 0.015916114673018456, 0.05088923126459122, 0.12345068156719208, 0.018679434433579445, 0.0775512233376503, -0.026652488857507706, -0.008593778125941753, 0.0207523200660944, -0.0256819911301136, 0.03525177761912346, 0.028323445469141006, 0.10664041340351105, -0.00863321777433157, 2.7202248852202946e-33, 0.10134643316268921, -0.03280354663729668, -0.027211226522922516, -0.006547162309288979, -0.03756646439433098, -0.017263149842619896, -0.047117192298173904, -0.06595932692289352, 0.001444124965928495, 0.11853063106536865, -0.07740791141986847, -0.012236338108778, -0.008336829952895641, -0.07900431752204895, 0.0103923873975873, -0.004468291997909546, 0.10856118053197861, -0.055740464478731155, -0.0437648743391037, 0.041833292692899704, 0.03737197071313858, 0.04207206144928932, -0.15363845229148865, -0.030967870727181435, 0.0031584773678332567, -0.01067423541098833, 0.011284200474619865, 0.061884187161922455, -0.04547753185033798, -0.029652168974280357, -0.10275451838970184, 0.022795747965574265, -0.03829941898584366, -0.06998775899410248, -0.011136205866932869, 0.061062585562467575, -0.048018258064985275, 0.08428999781608582, 0.0034702045377343893, 0.0902760773897171, 0.03803351894021034, -0.07306722551584244, -0.016735825687646866, -0.002658829791471362, -0.04297753795981407, -0.015819059684872627, 0.028865564614534378, -0.08528059720993042, -0.1272544115781784, 0.025595054030418396, -0.07318414747714996, -0.05238410085439682, -0.0332479402422905, -0.02890806645154953, 0.011831006966531277, 0.030095607042312622, 0.006627366878092289, -0.028313877061009407, 0.016852840781211853, -0.06681079417467117, 0.06157073751091957, -0.04108565300703049, -0.0036704426165670156, 0.01316740084439516, -0.03345498815178871, -0.07926256954669952, -0.006328837480396032, -0.051007453352212906, -0.026906384155154228, 0.05742228403687477, 0.09747544676065445, -0.044003456830978394, -0.0318276546895504, 0.031568024307489395, -0.030636442825198174, -0.0720544084906578, 0.03307192400097847, 0.031076064333319664, -0.033592209219932556, -0.06776657700538635, 0.01352209597826004, 0.021368538960814476, 0.03161005675792694, -0.0064161610789597034, -0.009925699792802334, 0.14235752820968628, 0.011411188170313835, 0.019523344933986664, -0.026681149378418922, 0.09658123552799225, 0.03346196562051773, 0.04157409444451332, 0.04456252604722977, 0.09669818729162216, -0.0918567106127739, -3.680887061818794e-08, -0.019109267741441727, 0.04239189997315407, 0.009439414367079735, -0.0005920830881223083, 0.017297295853495598, -0.07903540134429932, -0.035736970603466034, -0.005368840415030718, -0.014462776482105255, 0.020770428702235222, 0.023957369849085808, 0.057509370148181915, -0.02504556067287922, 0.11485528200864792, -0.0004439969779923558, 0.06660554558038712, -0.016019072383642197, -0.008612544275820255, -0.043564990162849426, 0.04555375501513481, -0.014818037860095501, 0.07552487403154373, -0.06322577595710754, -0.05177730694413185, 0.04916561022400856, 0.03569328039884567, -0.032717812806367874, 0.08397844433784485, 0.05617140233516693, -0.00026191756478510797, 0.02120724879205227, 0.02975260466337204, -0.11712497472763062, -0.01448776200413704, -0.04273822531104088, 0.027869386598467827, 0.07107716053724289, -0.03879011049866676, -0.05786314606666565, -0.014406132511794567, 0.00027909016353078187, -0.02005591243505478, -0.00811748020350933, 0.019345207139849663, 0.0013277967227622867, 0.028104044497013092, -0.058192841708660126, -0.039700593799352646, -0.041082415729761124, -0.04065992310643196, 0.00018780509708449244, -0.056412652134895325, -0.007031851913779974, -0.0027601912152022123, 0.11249761283397675, -0.01650616154074669, 0.009195273742079735, -0.013372238725423813, -0.002342718420550227, 0.03157498687505722, -0.02625340409576893, 0.06783964484930038, -0.09017636626958847, -0.045059025287628174], "page_keywords": []}
- [mid-term] {"page_id": "page_8caf5f9f", "user_input": "I just read an article about commuting trends in my city — apparently more people are taking the subway again.", "agent_response": "Yeah, that tracks. When gas prices go up or traffic gets worse, a lot of people start looking at the subway as the less stressful option.", "timestamp": "2026-07-12 05:43:37", "preloaded": false, "analyzed": true, "pre_page": "page_1ba20e3a", "next_page": "page_e9147bc6", "meta_info": "The user's sister is starting a new job across town and is looking for the easiest commute, considering driving but concerned about traffic and parking. The assistant suggests testing the bus and walking, with the user agreeing that trying each option is best, especially since recent trends show more people in their city are taking the subway, with weekday ridership almost back to pre-pandemic levels, likely due to offices requiring a return. The city might also add new subway lines in the next few years, which could", "page_embedding": [0.07640136033296585, -0.09097664058208466, 0.10252336412668228, 0.13026423752307892, 0.013788755051791668, -0.0026388384867459536, 0.038157060742378235, 0.03417952358722687, -0.03248314559459686, -0.07976353913545609, -0.04441625252366066, 0.0527336411178112, -0.049608681350946426, 0.028882652521133423, 0.03266925364732742, -0.07514875382184982, 0.07763056457042694, -0.026813359931111336, -0.0029942283872514963, -0.07967601716518402, -0.02113433927297592, -0.1073349267244339, 0.0010773158865049481, 0.07452508807182312, -0.005220132879912853, 0.03482623025774956, -0.01082074549049139, -0.019181005656719208, -0.04090453311800957, 0.034869976341724396, -0.11740968376398087, -0.011192293837666512, 0.011234472505748272, 0.02085009589791298, -0.054715145379304886, 0.0176149383187294, 0.03372998535633087, 0.06388728320598602, 0.08703113347291946, 0.02818089723587036, -0.07127224653959274, -0.093866266310215, -0.053981952369213104, -0.013001980260014534, -0.024573080241680145, -0.04519116133451462, 0.0583641342818737, -0.025136377662420273, 0.016916047781705856, -0.03175349906086922, 0.028349263593554497, 0.04036227986216545, 0.06891877949237823, -0.05310453847050667, 0.021925555542111397, -0.014952756464481354, 0.04632200300693512, 0.027981368824839592, 0.06094144657254219, 0.0861855000257492, -0.060351282358169556, -0.038934361189603806, -0.034039851278066635, 0.07639648020267487, 0.04130159318447113, -0.0048218220472335815, 0.03543854132294655, 0.034829363226890564, 0.04979449883103371, 0.004998304415494204, 0.00726706488057971, 0.024649569764733315, 0.0123252859339118, 0.01769757829606533, 0.06403737515211105, -0.020328441634774208, 0.027112063020467758, -0.014093838632106781, -0.006882127840071917, 0.007768964860588312, 0.08302466571331024, -0.01583363302052021, -0.0162796713411808, -0.03459187224507332, -0.030257999897003174, -0.026412632316350937, -0.030981428921222687, -0.04726937785744667, 0.015860632061958313, -0.038813602179288864, 0.045652296394109726, -0.00502284150570631, -0.02782435528934002, 0.029998881742358208, 0.0025837840512394905, 0.03895670175552368, -0.11172586679458618, 0.00014795141760259867, -0.002999871736392379, 0.008352582342922688, -0.04024667665362358, 0.026635127142071724, 0.07453709840774536, 0.05312638729810715, 0.0277081448584795, -0.06917809695005417, 0.05135016888380051, 0.023056255653500557, -0.03317541256546974, 0.03001846745610237, 0.0008179933065548539, 0.02032630890607834, -0.020245715975761414, -0.059178661555051804, -0.099791519343853, -0.007135060615837574, 0.02203718200325966, 0.006079799495637417, -0.018907273188233376, 0.07881099730730057, -0.05200248584151268, -0.06619008630514145, -0.05265987664461136, 0.009649017825722694, 0.027622684836387634, -0.024524064734578133, -0.014368327334523201, 2.7250960236075068e-33, -0.08975612372159958, -0.010305611416697502, 0.05714327096939087, 0.02276838943362236, -0.014592139050364494, -0.04156183823943138, -0.05768385902047157, -0.07519737631082535, 0.026072349399328232, 0.013476207852363586, -0.032685939222574234, 0.004290868062525988, -0.030769435688853264, 0.05220654234290123, 0.0162770114839077, -0.0691729187965393, -0.04302012547850609, 0.02609994262456894, -0.0034692862536758184, -0.05554356053471565, -0.018041877076029778, -0.019926682114601135, -0.00014619648572988808, -0.01744226925075054, -0.054116275161504745, 0.03792593255639076, 0.036153774708509445, -0.05116415023803711, 0.04003245383501053, -0.003004379104822874, 0.03736582025885582, 0.049680449068546295, 0.005994396284222603, 0.06470687687397003, -0.06447724997997284, 0.02716737426817417, 0.019184520468115807, 0.05583612248301506, 0.026304956525564194, -0.014251930639147758, -0.1470571905374527, -0.019415592774748802, -0.06373949348926544, 0.025038616731762886, 0.01623978652060032, 0.05517859756946564, 0.024832570925354958, -0.047581516206264496, -0.06918906420469284, 0.06503383815288544, -0.018380193039774895, 0.05295922979712486, -0.07485690712928772, -0.014447501860558987, -0.025357641279697418, -0.00856714602559805, 0.007513440679758787, -0.09899074584245682, 0.07471524924039841, 0.012713316828012466, -0.039173342287540436, 0.07282964140176773, 0.0067932079546153545, -0.02072862908244133, 0.12428532540798187, 0.05870519205927849, 0.01953381858766079, -0.01669050194323063, -0.010211518965661526, 0.16335636377334595, 0.0011105770245194435, 0.027014411985874176, -0.06422176957130432, 0.030234666541218758, 0.08227406442165375, -0.03102947771549225, -0.06104294955730438, -0.04405495896935463, 0.010394356213510036, -0.02738061547279358, -0.0071663809940218925, -0.07021590322256088, 0.07285566627979279, 0.042461756616830826, 0.14125141501426697, 0.044192977249622345, -0.026426678523421288, -0.05164171755313873, 0.02326485514640808, 0.03919176757335663, 0.044004250317811966, 0.05583431199193001, 0.018455157056450844, 0.09285076707601547, 0.010214314796030521, -2.5935569200535466e-33, 0.0026994633954018354, 0.052834995090961456, 0.00753643037751317, 0.005340737756341696, -0.044794052839279175, 0.0005186647758819163, -0.003045781049877405, -0.08731946349143982, -0.0013058687327429652, 0.09670203924179077, -0.08339446038007736, -0.017770782113075256, 0.018149560317397118, 0.06964388489723206, 0.01954854652285576, -0.029015008360147476, 0.06274867802858353, -0.014036603271961212, -0.06202920898795128, -0.005257514771074057, -0.058353569358587265, -0.0596209280192852, -0.12848755717277527, -0.0017334218136966228, -0.05172485113143921, 0.008954126387834549, -0.004499747883528471, 0.032096486538648605, -0.003974453080445528, -0.026428526267409325, -0.10457315295934677, 0.09809879958629608, 0.012691715732216835, -0.06229056417942047, 0.036500561982393265, 0.1033443808555603, -0.02665727585554123, 0.05758913978934288, -0.034697335213422775, 0.022682828828692436, -0.04571373388171196, 0.013944379985332489, 0.09144695103168488, -0.03357715159654617, 0.011386791244149208, 0.0007017436437308788, -0.020154276862740517, -0.0418458953499794, -0.13059501349925995, 0.045275889337062836, 0.018972603604197502, -0.009532244876027107, -0.09160521626472473, -0.008093226701021194, 0.024990996345877647, 0.04695741459727287, -0.044944170862436295, -0.05153287947177887, -0.04920540377497673, -0.04880708456039429, 0.03674029931426048, 0.005311046727001667, -0.043233584612607956, 0.052376244217157364, 0.0324837751686573, -0.0940617099404335, -0.034610942006111145, -0.17162413895130157, -0.0009680906659923494, 0.036446891725063324, 0.042644795030355453, -0.06866592168807983, -0.04960975423455238, -0.037351686507463455, -0.04420715197920799, -0.03219844400882721, 0.05384005233645439, 0.1267620325088501, -0.009949359111487865, 0.030229361727833748, 0.07383546978235245, 0.008596401661634445, 0.06170598790049553, -0.033817190676927567, -0.01796271651983261, 0.08653972297906876, -0.026108309626579285, 0.058058831840753555, -0.042530789971351624, 0.06851490586996078, -0.008887860924005508, 0.021298354491591454, -0.07738810032606125, -0.026268133893609047, 0.0005695362342521548, -4.0257845057567465e-08, -0.03411322459578514, -0.014974170364439487, 0.008945328183472157, -0.05779287591576576, 0.08581563830375671, 0.014724385924637318, 0.016502827405929565, 0.14255619049072266, -0.07662045210599899, 0.005579336546361446, 0.0606980063021183, 0.09091487526893616, 0.027630317956209183, 0.07552886754274368, -0.0002859114611055702, 0.019987093284726143, -0.027527950704097748, -0.01645427942276001, -0.02295086905360222, 0.05916772782802582, 0.0032854233868420124, 0.02266627922654152, -0.00420825369656086, 0.05400514230132103, 0.05314240977168083, 0.03379977121949196, -0.010485564358532429, 0.09305461496114731, 0.047253236174583435, -0.058541301637887955, 0.020180227234959602, -0.00985011737793684, -0.00569978728890419, -0.04031031206250191, 0.029318684712052345, 0.020267535001039505, 0.014758667908608913, -0.0015010260976850986, 0.0032728782389312983, -0.0341779850423336, -0.04188735783100128, -0.05546661093831062, 0.048987749963998795, 0.06212972477078438, 0.0275642778724432, -0.03025207296013832, -0.09001971036195755, 0.05517657846212387, -0.039775483310222626, -0.03553798422217369, -0.07679034024477005, -0.07943835854530334, -0.0014982041902840137, 0.019761737436056137, 0.046186987310647964, -0.07692760229110718, -0.04626619070768356, 0.050278760492801666, -0.06936904788017273, 0.004943466745316982, -9.253353346139193e-05, 0.031358394771814346, -0.09640482813119888, -0.004118804354220629], "page_keywords": []}
- [mid-term] {"page_id": "page_24c79f3b", "user_input": "Oh, I’m not taking the subway—I bike to work. I’ve been keeping an eye on the bike lane conditions instead, and I’ll probably bring my lighter rain jacket just in case.", "agent_response": "Ah, got it — sorry about that. You commute to work by cycling, not by subway. Good call on checking the bike lanes, and the light rain jacket sounds smart.", "timestamp": "2026-07-12 05:45:18", "preloaded": false, "analyzed": true, "pre_page": "page_f9df4e5c", "next_page": "page_9ff36d1c", "meta_info": "The assistant is advising the user to leave earlier for work tomorrow due to potential delays, and the user, who bikes to work, is checking bike lane conditions, plans to bring a light rain jacket, and will also pack a small repair kit. The assistant further suggests a set of lights if it stays gloomy.", "page_embedding": [-0.01243353821337223, 0.004846240859478712, 0.09366623312234879, 0.05895353853702545, 0.035389918833971024, -0.06754937767982483, 0.17560625076293945, -0.07993833720684052, -0.05348633974790573, -0.09783204644918442, -0.03577627241611481, -0.051204219460487366, 0.021996794268488884, 0.025538010522723198, -0.008678426966071129, -0.04326325282454491, 0.10285245627164841, -0.02470468543469906, 0.007998652756214142, -0.02562645822763443, 0.025057479739189148, -0.042723946273326874, -0.02428559586405754, 0.0831875428557396, -0.006147231440991163, 0.025639187544584274, 0.05656421557068825, -0.0016774152172729373, -0.05222665145993233, -0.02250399813055992, -0.05891818925738335, 0.052798397839069366, -0.03163796290755272, -0.0017607291229069233, -0.03084384649991989, 0.01493582222610712, 0.08019401878118515, 0.03656042739748955, 0.05917437747120857, 0.008294522762298584, -0.04923610761761665, -0.03251682594418526, -0.023547407239675522, -0.03094184584915638, 0.02958928607404232, -0.006670208647847176, 0.07983507961034775, -0.021804548799991608, -0.04119249805808067, -0.018194837495684624, 0.030193939805030823, 0.052124373614788055, 0.062147948890924454, 0.010363956913352013, -0.006653588265180588, -0.010827803052961826, 0.006640362553298473, 0.03900832682847977, 0.00023150739434640855, 0.03227148950099945, -0.036035291850566864, -0.03594938665628433, -0.1017390638589859, 0.09312678128480911, 0.08355025947093964, 0.015503511764109135, -0.117344431579113, 0.024838663637638092, -0.02472573332488537, -0.021537836641073227, -0.024284301325678825, 0.07633999735116959, 0.024967113509774208, 0.023964321240782738, -0.02943052537739277, -0.03631404787302017, 0.0338621586561203, -0.021158535033464432, -0.011305171996355057, 0.04388246685266495, -0.008778468705713749, -0.017674777656793594, 0.06803981214761734, 0.03143308684229851, 0.05005299672484398, 0.016687870025634766, -0.018475649878382683, -0.028941510245203972, -0.015935875475406647, -0.028713630512356758, 0.05797583609819412, -0.01322453748434782, 0.028023429214954376, 0.0726298838853836, -0.05558595806360245, 0.045635685324668884, -0.007687245029956102, -0.05748526751995087, -0.048009734600782394, 0.07735589891672134, -0.004659098107367754, -0.05012771859765053, 0.06311415880918503, 0.028931666165590286, 0.0979674905538559, -0.03995855152606964, 0.04688507318496704, 0.006872840225696564, -0.0027673449367284775, -0.0221471656113863, -0.005671699531376362, -0.010945579037070274, 0.004451807588338852, 0.014323161914944649, -0.06256398558616638, 0.022757260128855705, -0.004192416090518236, 0.05730942636728287, 0.06785213202238083, 0.04881593585014343, -0.06055383011698723, 0.05244772136211395, -0.035093989223241806, 0.01369848195463419, -0.03412940725684166, -0.029791878536343575, 0.1066967248916626, -2.2220779299906565e-33, -0.024534575641155243, -0.0010291856015101075, 0.065716452896595, 0.05016730725765228, 0.08854532986879349, -0.07269939035177231, 0.003023666562512517, -0.06266219168901443, -0.0037222241517156363, 0.012502488680183887, 0.004297312349081039, 0.031342606991529465, 0.0357392355799675, 0.06469133496284485, 0.03729873523116112, -0.00272988504730165, 0.031212888658046722, -0.029391897842288017, 0.0036243214271962643, -0.06238163635134697, -0.032887399196624756, -0.1294602006673813, -0.02711842954158783, 0.0003260696248617023, -0.019212570041418076, 0.004822535905987024, 0.04905771091580391, -0.02301270142197609, 0.07079024612903595, 0.0571758970618248, -0.0854291096329689, 0.03317929804325104, 0.0625675767660141, 0.13099052011966705, -0.022765807807445526, 0.07925572246313095, -0.04129535332322121, 0.03120994009077549, -0.027603592723608017, -0.04883061349391937, -0.08302776515483856, -0.041144080460071564, -0.07097388803958893, -0.032992884516716, -2.004252928600181e-05, -0.01931118592619896, 0.016158336773514748, -0.014095518738031387, -0.04922305792570114, 0.06097831949591637, 0.03208575025200844, 0.050478532910346985, 0.0014609834179282188, -0.03684031590819359, -0.04193754121661186, 0.008365308865904808, 0.07131168991327286, 0.0286464411765337, 0.0728708952665329, -0.004603445529937744, 0.0019572859164327383, 0.09434805810451508, -0.0029172301292419434, -0.013880360871553421, 0.08317799866199493, 0.04291528835892677, -0.03650336340069771, -0.007243179250508547, -0.011551151052117348, -0.056221287697553635, 0.028153732419013977, 0.04122164472937584, 0.07250234484672546, 0.12279526889324188, 0.07721661031246185, 0.000284047971945256, -0.09793629497289658, -0.08061225712299347, 0.0379403680562973, 0.004117058124393225, 0.022218268364667892, -0.010435162112116814, -0.015611632727086544, 0.012924037873744965, 0.0781736820936203, 0.06314685195684433, 0.025532275438308716, 0.008293633349239826, -0.02546113356947899, 0.0817464217543602, 0.06951495260000229, 0.000493470171932131, 0.02481098100543022, 0.0026891683228313923, 0.013416183181107044, 7.149723983685785e-35, 0.06771636009216309, 0.04869109392166138, 0.044782817363739014, -0.02875024452805519, -0.008322560228407383, -0.0064708031713962555, 0.05339290574193001, -0.09606309235095978, 0.01928013004362583, 0.11858835071325302, -0.022135162726044655, -0.012916113249957561, -0.08605357259511948, -0.019585097208619118, 0.05292657017707825, 0.008503533899784088, 0.0031548314727842808, -0.04664720222353935, -0.117828868329525, 0.013874693773686886, -0.05479240417480469, -0.0897536352276802, -0.0635630190372467, 0.050789184868335724, -0.06648377329111099, -0.0015552492113783956, 0.058884259313344955, 0.04088788479566574, -0.042241420596838, -0.04337110370397568, -0.12100323289632797, 0.028899017721414566, 0.012689388357102871, -0.00656603230163455, 0.05131728574633598, 0.07726985961198807, -0.09135358780622482, 0.005599571857601404, -0.024494148790836334, -0.0033816921059042215, -0.060653869062662125, -0.08052244782447815, 0.06521706283092499, -0.01826704852283001, 0.05749272182583809, -0.04050669074058533, 0.009127860888838768, -0.009567545726895332, -0.056672632694244385, -0.011177531443536282, 0.05650739744305611, 0.027737310156226158, 0.004804052412509918, 0.06944625079631805, 0.051842931658029556, -0.015763765200972557, -0.04549789801239967, -0.06185867264866829, -0.09170933812856674, -0.041537120938301086, -0.007152433507144451, -0.047986846417188644, 0.011765631847083569, 0.06770487874746323, -0.028297703713178635, -0.17309503257274628, -0.11233602464199066, -0.08240684866905212, 0.03843417018651962, 0.017349552363157272, 0.07301292568445206, -0.05414436012506485, 0.022078532725572586, -0.027351483702659607, 0.01723654940724373, -0.07414835691452026, 0.08999256044626236, 0.10120702534914017, -0.046739570796489716, -0.006275414954870939, 0.04623167961835861, 0.03276577964425087, 0.030531037598848343, -0.013718657195568085, 0.03197897970676422, -0.02847672626376152, 0.012320430018007755, -0.05084725469350815, -0.014947517774999142, 0.03493499010801315, 0.03665398061275482, 0.05980348214507103, -0.04952347278594971, -0.03431094437837601, 0.024668825790286064, -4.313817569823186e-08, 0.012005605734884739, -0.055981073528528214, -0.025644544512033463, -0.09401636570692062, -0.04606188088655472, -0.007986987009644508, 0.002336052944883704, -0.06539048999547958, -0.05163891986012459, -0.03699957951903343, 0.06991460174322128, 0.04965446889400482, 0.009163322858512402, 0.09666195511817932, -0.05822278931736946, 0.022880757227540016, 0.07858560234308243, -0.05667669326066971, -0.06032408028841019, 0.01660078391432762, -0.040785547345876694, -0.02184581384062767, -0.04003654047846794, 0.10119511187076569, 0.06876503676176071, 0.01885198801755905, -0.028029216453433037, -0.007469608914107084, 0.08775326609611511, -0.007236347068101168, -0.008637649938464165, 0.03890551999211311, -0.09940056502819061, -0.047692377120256424, -0.03523716330528259, -0.009681505151093006, 0.05987321585416794, -0.007333833258599043, 0.025576094165444374, 0.021125614643096924, -0.05316469445824623, -0.07519213855266571, -0.017771093174815178, 0.013025275431573391, -0.005883457604795694, -0.020780816674232483, -0.07490095496177673, 0.01600456051528454, -0.09550730139017105, -0.037130001932382584, -0.062195852398872375, -0.07276520878076553, 0.029651911929249763, 0.036284130066633224, -4.561946843750775e-05, -0.004836569540202618, -0.026641761884093285, 0.017873726785182953, -0.10767126083374023, -0.032947491854429245, -0.024865005165338516, 0.014702950604259968, -0.06314742565155029, -0.018867773935198784], "page_keywords": []}
- [mid-term] {"page_id": "page_23ab3ab6", "user_input": "Apparently they love not dealing with parking, but they said the subway was insanely packed this morning.", "agent_response": "Yeah, that’s the tradeoff — convenient, but rush hour can be a lot. Sounds like they’re still in the adjustment phase.", "timestamp": "2026-07-12 05:44:23", "preloaded": false, "analyzed": true, "pre_page": "page_e18c4092", "next_page": "page_684a963e", "meta_info": "The user's roommate is adjusting to taking the subway this week, appreciating the lack of parking hassle but finding the morning commute \"insanely packed.\" The user is now asking for tips on what to bring for crowded rides, and the assistant suggests headphones, a water bottle, and a small, easy-to-keep-close bag.", "page_embedding": [0.015574824996292591, 0.006955855991691351, 0.10523136705160141, 0.06955283135175705, 0.06930099427700043, 0.011651155538856983, 0.03253680840134621, 0.01614428125321865, -0.01021475251764059, -0.03257252648472786, -0.014661524444818497, 0.08741339296102524, -0.05785100907087326, 0.018616389483213425, 0.025083251297473907, -0.06614876538515091, 0.10504181683063507, -0.0937667265534401, -0.027530290186405182, -0.013656796887516975, -0.06989052146673203, -0.09433399140834808, 0.018888551741838455, 0.007878163829445839, 0.018924076110124588, 0.11838291585445404, -0.045359767973423004, 0.004440967924892902, 0.023628035560250282, 0.015025418251752853, -0.10143926739692688, 0.06442484259605408, 0.05038547143340111, -0.018613841384649277, 0.028934912756085396, 0.06655770540237427, 0.07637781649827957, 0.010258966125547886, 0.07521490007638931, 0.03517930209636688, 0.0023436774499714375, -0.04869456961750984, -0.03743588924407959, 0.0405234694480896, -0.003489851485937834, -0.07834390550851822, 0.09121055901050568, -0.041346266865730286, 0.050699446350336075, -0.059665028005838394, 0.10785336792469025, 0.06552336364984512, 0.08224926143884659, -0.0581534206867218, -0.03154563531279564, 0.06318381428718567, 0.0020362173672765493, 0.03992249816656113, 0.07189620286226273, 0.074935182929039, -0.06548333168029785, -0.03251400589942932, -0.021482236683368683, 0.044571325182914734, 0.04941847175359726, -0.04350888356566429, -0.04398154839873314, -0.008914525620639324, 0.029805056750774384, -0.020384587347507477, -0.00025819087750278413, 0.08672437816858292, -0.0294966883957386, -0.026398219168186188, 0.03601432591676712, 0.029780887067317963, 0.0410408191382885, 0.00870460458099842, 0.017746765166521072, -0.07449261099100113, -0.0007552965544164181, -0.08417849242687225, -0.03030627965927124, 0.01892998069524765, -0.015632208436727524, -0.005640462972223759, -0.009246299974620342, 0.04740343242883682, 0.009928987361490726, -0.029810653999447823, -0.0038065630942583084, -0.0023635211400687695, -0.004657622426748276, -0.0037899399176239967, -0.003860082244500518, 0.056923069059848785, -0.10567155480384827, -0.000554150843527168, -0.04594720900058746, 0.023809323087334633, 0.008386662229895592, 0.15233515202999115, 0.02638469822704792, -0.005632347427308559, 0.023511571809649467, -0.07417035102844238, -0.01348237507045269, 0.053664594888687134, -0.05013502016663551, 0.06584957987070084, 0.05415700376033783, -0.020706426352262497, 0.059570301324129105, -0.002501587150618434, -0.11451731622219086, 0.06467239558696747, -0.06713215261697769, 0.015664048492908478, 0.013417167589068413, 0.031217331066727638, -0.04416760429739952, 0.008720825426280499, 0.004044194705784321, 0.0024092646781355143, -0.02505125105381012, -0.01918809860944748, 0.005419050808995962, 2.9371441383185604e-34, -0.08980531990528107, 0.03130163997411728, 0.02704659476876259, -0.005867128726094961, 0.0474516861140728, -0.06946080178022385, -0.01585407555103302, -0.02974124625325203, 0.049118589609861374, 0.03920008987188339, -0.029041476547718048, 0.01181063149124384, -0.007428861688822508, -0.06101604178547859, -0.007647873368114233, -0.06697791069746017, -0.03469005972146988, 0.033798638731241226, -0.05663812533020973, -0.041451405733823776, 0.004775379318743944, 0.024152254685759544, -0.027080435305833817, -0.023484623059630394, -0.015589806251227856, 0.01912010833621025, -0.01257947739213705, 0.042079802602529526, 0.12221264839172363, 0.01108372863382101, -0.10486999899148941, 0.05078071355819702, 0.030882202088832855, 0.11076614260673523, 0.0061166128143668175, -0.02106957882642746, -0.02412380464375019, -0.01453750766813755, 0.02640552632510662, -0.057684384286403656, -0.08371654897928238, -0.05464142560958862, -0.08208929747343063, -0.04637741670012474, -0.015059437602758408, 0.08095575124025345, 0.06608835607767105, -0.08705049753189087, -0.06917627155780792, 0.050106700509786606, -0.011039404198527336, 0.09820931404829025, -0.07118351012468338, -0.009943763725459576, -0.08968371152877808, -0.022514643147587776, 0.06221805885434151, -0.023711202666163445, 0.02252081036567688, 0.05914834886789322, 0.025717757642269135, 0.12378385663032532, -0.01805221289396286, -0.08693242818117142, 0.04650701582431793, -0.03430100157856941, -0.0013147875433787704, 0.04980439320206642, -0.019041061401367188, 0.12193477898836136, 0.09090178459882736, 0.028053155168890953, -0.04998910054564476, 0.08427873998880386, 0.033456020057201385, -0.02896438166499138, -0.0026299634482711554, -0.004701375495642424, 0.007739857770502567, -0.03501327708363533, 0.06317207217216492, -0.03601178154349327, 0.07419832050800323, -0.010239855386316776, 0.07552113384008408, -0.00594576308503747, 0.03510160371661186, 0.04953836649656296, -0.06522012501955032, -0.00176747958175838, -0.03548673167824745, 0.05583010986447334, -0.004379038233309984, 0.014956447295844555, 0.013912200927734375, -1.8484367650062228e-33, 0.05774388462305069, 0.006227984558790922, -0.05381360277533531, -0.06043001636862755, -0.08095565438270569, 0.03284163773059845, -0.028467388823628426, -0.026610836386680603, -0.010729382745921612, 0.03642978519201279, -0.13367860019207, 0.018430758267641068, -0.010272481478750706, 0.030995074659585953, -0.0066879866644740105, -0.03106323443353176, 0.10491133481264114, -0.0028223281260579824, -0.05282880738377571, 0.0223379023373127, 0.0203949473798275, -0.027421344071626663, -0.07479878515005112, 0.07780404388904572, -0.038464441895484924, 0.016385022550821304, 0.012549175880849361, 0.025298038497567177, -0.07061767578125, -0.00012495451665017754, -0.08170679956674576, -0.013182531110942364, -0.03458033502101898, -0.047563835978507996, 0.03541089594364166, 0.00276258890517056, -0.07479516416788101, 0.06831571459770203, 0.002494126558303833, 0.006481661461293697, -0.021728036925196648, -0.04318704083561897, 0.010964266024529934, 0.003610382555052638, 0.05319066718220711, 0.03689567372202873, -0.0015045636100694537, -0.10663406550884247, -0.12021739780902863, -0.00953630544245243, -0.026065610349178314, -0.05130850151181221, -0.036557942628860474, 0.01625663973391056, 0.011200552806258202, 0.011523271910846233, 0.004521883558481932, -0.0407683365046978, -0.014694477431476116, -0.07071396708488464, 0.04173164814710617, -0.022723162546753883, 0.007290334440767765, -0.015380741097033024, 0.0038127563893795013, -0.04087725654244423, 0.02309013344347477, -0.1693926751613617, -0.007801589090377092, 0.003236191812902689, 0.0554434210062027, -0.035197872668504715, -0.01740039698779583, 0.04156696796417236, -0.03548629581928253, 0.04029688239097595, 0.07470564544200897, 0.10122890025377274, 0.0012368408497422934, -0.05286885052919388, 0.03701912611722946, 0.06315732002258301, 0.028881438076496124, 0.0009572178241796792, -0.029973238706588745, 0.10861820727586746, -0.015841754153370857, -0.0282124113291502, -0.020169172435998917, 0.06975177675485611, 0.03914587199687958, 0.0452326163649559, -0.027514304965734482, 0.09528575837612152, -0.04275083914399147, -4.371639406031136e-08, 0.005293348338454962, 0.01662048138678074, -0.022390685975551605, -0.09737762063741684, 0.018524929881095886, -0.06252220273017883, -0.013570558279752731, 0.07010012865066528, -0.026961827650666237, 0.058779358863830566, 0.028927961364388466, 0.016739292070269585, -0.021758729591965675, 0.09751290827989578, -0.057296961545944214, 0.07285778969526291, -0.02469874732196331, -0.04055523872375488, -0.05077816918492317, 0.021632404997944832, 0.003593080211430788, -0.0006769275642000139, -0.03959692642092705, 0.03717168793082237, 0.0680498331785202, -0.03377602621912956, -0.01964448392391205, -0.009010505862534046, 0.08396144211292267, -0.07902766764163971, -0.015899954363703728, 0.0032641966827213764, -0.04419725760817528, -0.032469604164361954, 0.025895044207572937, -0.03352219611406326, 0.009897556155920029, -0.00032987905433401465, 0.008252618834376335, 0.006539574358612299, -0.025523118674755096, -0.0949811264872551, -0.02291162870824337, -0.00823778286576271, 0.025165420025587082, -0.022002846002578735, -0.124209463596344, 0.05142917111515999, -0.05014842748641968, -0.06731491535902023, 0.007325706537812948, -0.024370484054088593, -0.02501050755381584, 0.030333003029227257, 0.07622803747653961, -0.07345893979072571, -0.07221131771802902, 0.004627182148396969, -0.02660483308136463, 0.0045048147439956665, -0.08886771649122238, 0.056309252977371216, -0.1001821830868721, 0.06186079606413841], "page_keywords": []}
- [mid-term] {"page_id": "page_357ee14b", "user_input": "I was reading a review of that new coffee shop downtown, and the writer was weirdly obsessed with how easy it is to get there without a car.", "agent_response": "Haha, some reviewers really lock onto one detail. Did they say what they liked about the trip there?", "timestamp": "2026-07-12 05:43:47", "preloaded": false, "analyzed": true, "pre_page": null, "next_page": "page_a768c72d", "meta_info": "The user read a review of a new downtown coffee shop where the writer was \"weirdly obsessed\" with its accessibility without a car, specifically noting that taking the bus was the least annoying option due to terrible parking, which the user felt contributed to a better overall experience by allowing customers to arrive in a good mood.", "page_embedding": [0.06761626899242401, 0.10723325610160828, 0.04655876010656357, 0.09898076206445694, 0.0038719812873750925, 0.0012287106364965439, 0.08192232996225357, 0.01004241593182087, -0.07268451154232025, -0.012482223100960255, -0.004174388013780117, 0.042441271245479584, 0.01718807965517044, -0.00011017009819624946, -0.017439790070056915, -0.06477469205856323, 0.10530571639537811, -0.12933482229709625, -0.030625442042946815, -0.03985917195677757, -0.024066368117928505, -0.02826913446187973, 0.052900128066539764, 0.02996084839105606, -0.01459520123898983, 0.008520405739545822, -0.04789732024073601, 0.0640750452876091, -0.026473412290215492, 0.024621088057756424, -0.09674672037363052, 0.07329469919204712, -0.007517055608332157, 0.015426049008965492, -0.014082671143114567, -0.023174723610281944, 0.07969750463962555, 0.03381423279643059, 0.04853489622473717, -0.043498340994119644, -0.0431213453412056, -0.011079546995460987, 0.026154978200793266, 0.05623884126543999, 0.024151787161827087, -0.08779004961252213, 0.022196700796484947, -0.06071808934211731, 0.06373924016952515, -0.004318710416555405, 0.06269419938325882, -0.0039616296999156475, 0.04981501027941704, -0.19732160866260529, -0.07628533989191055, 0.0604136623442173, 0.0015533862169831991, 0.03789249807596207, 0.0014357997570186853, 0.028467563912272453, 0.03766639530658722, -0.11381392925977707, 0.016572928056120872, 0.04745573550462723, 0.046572331339120865, -0.05798185244202614, -0.11325249075889587, -0.0670962855219841, 0.012681903317570686, -0.041730307042598724, 0.014463650062680244, 0.042497068643569946, 0.025053882971405983, -0.02025727368891239, 0.025545891374349594, -0.014117414131760597, -0.04147226735949516, 0.01633797585964203, -0.06561312824487686, 0.02357170544564724, 0.03329320624470711, -0.02672616019845009, 0.003991064615547657, 0.11520853638648987, -0.058348000049591064, -0.044576823711395264, 0.055181145668029785, -0.030651185661554337, -0.031132681295275688, -0.043419286608695984, 0.006657023448497057, -0.04257461428642273, -0.06361512839794159, -0.054261647164821625, -0.030290190130472183, -0.025271976366639137, -0.07919326424598694, 0.0037033597473055124, 0.005167393013834953, 0.01520799845457077, 0.03213733434677124, 0.14830385148525238, 0.05684609338641167, -0.032089848071336746, -0.011701255105435848, 0.023756951093673706, -0.018801072612404823, 0.010128709487617016, 0.004113791976124048, 0.021299956366419792, 0.001927636214531958, 0.020655404776334763, 0.10078757256269455, 0.03149452432990074, -0.01972028613090515, 0.01654026284813881, 0.05469369888305664, -0.029870886355638504, -0.02633858285844326, 0.08631735295057297, -0.00033442321000620723, -0.050342485308647156, 0.07419943809509277, 0.034617435187101364, -0.04940295219421387, -0.04478752985596657, 0.07184407114982605, -1.3771352538489849e-33, -0.040737736970186234, 0.04933077469468117, 0.018766973167657852, 0.036256175488233566, 0.09850092977285385, 0.024359527975320816, -0.06442370265722275, -0.02640685811638832, -0.05826172977685928, 0.046597372740507126, 0.03321774676442146, 0.0007938469061627984, 0.02797100879251957, 0.03521151468157768, 0.08651696890592575, 0.05933689698576927, -0.07594051957130432, -0.047831520438194275, -0.05232915282249451, -0.07936728745698929, 0.025127815082669258, 0.018522698432207108, 0.02183195762336254, -0.021221648901700974, 0.016000203788280487, 0.03882894292473793, 0.0009693244355730712, 0.016976622864603996, 0.06919960677623749, 0.012470624409615993, -0.16296598315238953, 0.051977526396512985, 0.015991391614079475, 0.03379153460264206, 0.001448953291401267, 0.06360836327075958, -0.009120883420109749, -0.007448710035532713, 0.04627666994929314, 0.017808914184570312, -0.0768265649676323, -0.024878714233636856, -0.07548882067203522, 0.017999224364757538, -0.05463461950421333, 0.11113680154085159, -0.014921476133167744, -0.03432994335889816, -0.015934491530060768, 0.055021364241838455, -0.03924335911870003, -0.01809813268482685, 0.022623969241976738, 0.046908777207136154, -0.0484868623316288, 0.03547241911292076, 0.04486744478344917, -0.05661594122648239, 0.05842112377285957, 0.007317418232560158, 0.019083676859736443, 0.14030024409294128, -0.026928281411528587, -0.062140051275491714, -0.007864097133278847, 0.0028803469613194466, -0.031545914709568024, 0.03791045770049095, 0.05352988466620445, 0.039783675223588943, -0.02390158176422119, 0.014404058456420898, -0.08359062671661377, -0.0661742240190506, 0.032265543937683105, -0.0001731323718558997, -0.034504543989896774, 0.021475419402122498, -0.0013636621879413724, -0.05734873563051224, 0.07731616497039795, -0.052154287695884705, 0.03319635987281799, -0.015286758542060852, 0.024475175887346268, -0.01946883089840412, 0.030113153159618378, -0.06567325443029404, -0.017220724374055862, -0.049119170755147934, -0.013455609790980816, 0.08381804078817368, -0.010997410863637924, 0.013265091925859451, -0.01229138020426035, -9.119185789961831e-34, 0.009302118793129921, -0.0990990474820137, 0.02954072132706642, -0.020550290122628212, -0.08977708965539932, -0.007596658542752266, -0.07595604658126831, -0.06452884525060654, 0.07197379320859909, 0.05942152440547943, -0.07189177721738815, 0.025619711726903915, 0.05968087166547775, 0.02723684348165989, 0.03815774247050285, 0.0057279146276414394, 0.0696178451180458, -0.04267239570617676, -0.0728016346693039, 0.05841623246669769, 0.021117813885211945, -0.043120238929986954, -0.055931150913238525, -0.03192201629281044, -0.031136756762862206, 0.05500270798802376, -0.0013097396586090326, -0.07852575927972794, -0.11634267121553421, -0.10264786332845688, -0.040930282324552536, -0.0031325076706707478, -0.010321220383048058, -0.03436556085944176, 0.023115068674087524, 0.020638437941670418, -0.04204206541180611, 0.054625384509563446, -0.04054730385541916, 0.056855298578739166, -0.037945013493299484, -0.04412510246038437, -0.011133274994790554, -0.016457032412290573, 0.02845916710793972, -0.004712180234491825, -0.006448869593441486, -0.08775562047958374, -0.03380219638347626, 0.046602871268987656, -0.031732022762298584, 0.009091035462915897, -0.07606051117181778, 0.0578615665435791, -0.03726992756128311, 0.024635104462504387, 0.018397444859147072, 0.012537536211311817, 0.0385282002389431, -0.0008191631641238928, -0.019232861697673798, 0.04792168363928795, -0.0757138654589653, -0.028820782899856567, 0.02934306673705578, -0.11271350085735321, 0.020236914977431297, -0.07993064075708389, 0.01066242903470993, -0.03249489143490791, -0.03820197284221649, -0.0021056781988590956, -0.014056923799216747, 0.06072695553302765, 0.03100648522377014, 0.04036816954612732, 0.0462099052965641, -0.003911076113581657, -0.035895589739084244, -0.06494327634572983, 0.07175350934267044, -0.00681311497464776, 0.005805902183055878, -0.041916437447071075, 0.07384482026100159, 0.0023397114127874374, -0.08222983032464981, -0.10172127187252045, -0.020918183028697968, 0.09440379589796066, 0.04191669821739197, 0.06476166844367981, -0.05484188720583916, -0.053861238062381744, -0.054106347262859344, -3.5482397464647875e-08, -0.03235367685556412, 0.0550210103392601, 0.0028856212738901377, 0.013101785443723202, 0.039569955319166183, -0.03531050682067871, -0.006400890648365021, 0.08297146111726761, -0.09535795450210571, 0.09203314036130905, 0.04007900133728981, 0.03654960170388222, -0.08716172724962234, 0.11126593500375748, -0.06410098075866699, 0.04542601481080055, 0.125474750995636, 0.04560765624046326, -0.017074722796678543, 0.050805993378162384, -0.019375178962945938, 0.029919860884547234, -0.05296214297413826, 0.008405856788158417, 0.00028899183962494135, -0.02413654886186123, -0.04515514522790909, -0.016499003395438194, 0.07235845178365707, -0.056026797741651535, -0.017298562452197075, 0.004375713411718607, -0.034297142177820206, 0.01820090226829052, -0.013177997432649136, -0.013512596487998962, 0.019620155915617943, 0.025494908913969994, 0.002954022493213415, -0.10634474456310272, -0.015269347466528416, -0.028746435418725014, -0.02543313428759575, 0.016978032886981964, -0.01183338277041912, 0.04072873666882515, -0.009695135988295078, -0.08656562864780426, -0.031182389706373215, 0.029600201174616814, -0.02236388437449932, -0.05181136727333069, -0.012508301064372063, 0.07067646086215973, 0.06637605279684067, -0.03549659997224808, -0.05071895197033882, 0.008771577849984169, -0.031543225049972534, -0.008933981880545616, -0.014463954605162144, 0.09834981709718704, -0.03694615513086319, 0.04122751206159592], "page_keywords": []}
- [user-knowledge] - User is considering taking the subway to pick up papers: 2026-07-12 05:44:50
- [user-knowledge] - User read an article about commuting trends in user's city at 2026-07-12 05:43:37
- [user-knowledge] - User trying not to feel wiped out when arriving at trip destination
- [user-knowledge] - User planning a weekend trip
- [user-knowledge] - User has an apartment building
- [user-knowledge] - User has a resident carpool board
- [user-knowledge] - User has a sister who started a new job across town
- [user-knowledge] - User commutes
- [user-knowledge] - User's mornings feel rushed
- [user-knowledge] - User is sticking with cycling to work: 2026-07-12 05:45:02
- [user-knowledge] - User commutes to work by cycling
- [user-knowledge] - User plans to bring a lighter rain jacket
- [user-knowledge] - User plans workouts this week
- [user-knowledge] - User wants to make mornings smoother: 2026-07-12 05:44:49
- [user-knowledge] - User has a brother.
- [user-knowledge] - User needs to stretch when getting home
- [user-knowledge] - User plans outdoor activities this week
- [user-knowledge] - User listens to podcasts and chill playlists.
- [user-knowledge] - User wants podcast recommendations for commute
- [user-knowledge] - User needs to pick up papers across town after work: 2026-07-12 05:44:50
- [assistant-knowledge] - Assistant advised on taking the subway for an errand: 2026-07-12 05:44:50
- [assistant-knowledge] - Assistant explained subway ridership trends at 2026-07-12 05:43:37
- [assistant-knowledge] - Assistant suggested bus and walking as commuting options at 2026-07-12 05:43:37
- [assistant-knowledge] - Assistant suggested transportation options for a weekend trip at 2026-07-12 05:44:36
- [assistant-knowledge] - Assistant offered to help make a quick checklist for evaluating different routes at 2026-07-12 05:43:37
- [assistant-knowledge] - Assistant provided suggestions to avoid feeling wiped out after travel at 2026-07-12 05:44:38
- [assistant-knowledge] - Assistant reminded user about stretching at 2026-07-12 05:45:04
- [assistant-knowledge] - Assistant acknowledged user's commute method at 2026-07-12 05:45:18
- [assistant-knowledge] - Assistant clarified carpool board entry meaning at 2026-07-12 05:43:58
- [assistant-knowledge] - Assistant explained meaning of carpool board entry at 2026-07-12 05:43:53
- [assistant-knowledge] - Assistant offered to help compare trip options at 2026-07-12 05:44:38
- [assistant-knowledge] - Assistant compared driving vs. taking the bus for commute at 2026-07-12 05:44:09.
- [assistant-knowledge] - Assistant confirmed user's decision to cycle to work: 2026-07-12 05:45:02
- [assistant-knowledge] - Assistant commented on weekday ridership levels at 2026-07-12 05:43:37
- [assistant-knowledge] - Assistant offered day-by-day forecast if user provides city at 2026-07-12 05:44:32
- [assistant-knowledge] - Assistant suggested additional items for bike ride at 2026-07-12 05:45:20
- [assistant-knowledge] - Assistant narrowed down podcast recommendations at 2026-07-12 05:43:43
- [assistant-knowledge] - Assistant agreed with a one-week test for commute options at 2026-07-12 05:44:12
- [assistant-knowledge] - Assistant suggested questions to ask to join a carpool at 2026-07-12 05:43:59.
- [assistant-knowledge] - Assistant provided a script to ask HR about parking or bike storage at 2026-07-12 05:44:47

Question: Who or what mentioned the subway, and did the user confirm it?

Respond with ONLY this JSON:
{
  "source_description": "<who introduced or communicated this fact>",
  "source_class": "<one of: user, assistant, third_party, tool, stale_tool, other_entity, hypothetical, unknown>",
  "action": "<what they did: stated, mentioned, suggested, hallucinated, etc.>",
  "accepted": true or false,
  "current_value": "<the current value of the fact>",
  "reason": "<brief evidence from conversation>"
}

===== QUESTION =====

